balance:0.010644400000074938
btc_held:0.004541