balance:0.04151700000002734
btc_held:0.00867